<?xml version="1.0"?>
<opencv_storage>
<intrinsic_matrix type_id="opencv-matrix">
  <rows>3</rows>
  <cols>3</cols>
  <dt>d</dt>
  <data>
    870.3666636316893300 0. 355.9070650403419900 0. 861.8499484739051000
    281.8161834498367900 0. 0. 1.</data></intrinsic_matrix>
<distortion type_id="opencv-matrix">
  <rows>4</rows>
  <cols>1</cols>
  <dt>d</dt>
  <data>
    -0.0283024359437964 -0.0362899723591221 -4.2453896199181780e-003
    -9.8569088330785950e-003</data></distortion>
<width>800</width>
<height>600</height>
</opencv_storage>
