<?xml version="1.0"?>
<opencv_storage>
<intrinsic_matrix type_id="opencv-matrix">
  <rows>3</rows>
  <cols>3</cols>
  <dt>d</dt>
  <data>
<<<<<<< HEAD
    663.9625667083481600 0. 319.5000000000000000 0. 669.5970498883830300
    239.5000000000000000 0. 0. 1.</data></intrinsic_matrix>
=======
    870.3666636316893300 0. 355.9070650403419900 0. 861.8499484739051000
    281.8161834498367900 0. 0. 1.</data></intrinsic_matrix>
>>>>>>> 79565d2120cb6201c809587c20b897b60f5001c4
<distortion type_id="opencv-matrix">
  <rows>4</rows>
  <cols>1</cols>
  <dt>d</dt>
  <data>
<<<<<<< HEAD
    0.1709245691493143 -0.5450421988664804 -5.4778976195770431e-003
    -7.1686013577374188e-003</data></distortion>
<width>640</width>
<height>480</height>
=======
    -0.0283024359437964 -0.0362899723591221 -4.2453896199181780e-003
    -9.8569088330785950e-003</data></distortion>
<width>800</width>
<height>600</height>
>>>>>>> 79565d2120cb6201c809587c20b897b60f5001c4
</opencv_storage>
